000200050100113
000200050201115
000200050301115
000200050405115
000200050506115
000200050607115
000200050708115
000200050809115
000200050910115
000200051011115
000200051112115
000200051213115
000200051314115
000200051415115
000200051516115
000200051617115
000200051718115
000200051819115
000200051920115
000200052021115
000200052122115
000200052223115
000200052324115
000200052425115
000200052526115
000200052627115
000200052728115
000200052899105
000200052999105
000200053099105
000200053199105
000200053299105
000200053399105
000200053499105
000200053599105
000200053699105
000200053799105
000200053816115
000200053999105
000200054099105
000200054199105
000200054216115
000200055200113
000200055300113
000200055100113
000200055400113
000200055500113
000200055600113
000200055700113
000200054499105
000200054399105
000200055013115
000200054999105
000200054699105
000200055899105
000200055999105
000200054512115
000200054704115
000200056099105
000200054804115
000200056199105
000200056299105
000200056399105
000200056499105
000200056599105
000200056699105
000200056999105
000200057099105
000200057299105
000200057199105
000200056716115
000200056899105
000200057400113
000200057500113
000200058099105
000200057399105
000200057899105
000200057699105
000200057799105
000200057920115
000200058299105
000200058399105
000200058199105
000200058499105
000200058999105
000200059099105
000200058526115
000200059106115
000200059299105
000200059304115
000200059499105
000200059599105
000200059699105
000200059799105
000200059899105
000200059904115
000200050099105
