000014147799105
000014147599105
000014147999105
000014147318115
000014147420115
000014140199105
000014141599105
000014141799105
000014141899105
000014141999105
000014142099105
000014142199105
000014142299105
000014142399105
000014142499105
000014142599105
000014142699105
000014142799105
000014140299105
000014140506115
000014140627115
000014140799105
000014140899105
000014140999105
000014141099105
000014141199105
000014141220115
000014141399105
000014142899105
000014142999105
000014143099105
000014143328115
000014143499105
000014143599105
000014143699105
000014143899105
000014143999105
000014144199105
000014144299105
000014144399105
000014144499105
000014144699105
000014144899105
000014144999105
000014145320115
000014144599105
000014145499105
000014145699105
000014145899105
000014146099105
000014146199105
000014146299105
000014146399105
000014146499105
000014146799105
000014147699105
000014144722115
000014148199105
000014148299105
000014148399105
000014148499105
000014148599105
000014148608115
000014149108115
000014149299105
000014149499105
000014149599105
000014149999105
000014147899105
000014146599105
000014146699105
000014141499105
000014145599105
000014145999105
000014143299105
000014140099105
000014148799105
000014147299105
000014143728115
000014149799105
000014145207115
000014145108115
000014149308115
000014149610115
000014145010115
000014149810115
000014148999105
000014147099105
000014146999105
000014146807115
000014149099105
000014148899105
000014145799105
000014140399105
000014140499105
