000014159399105
000014159499105
000014159599105
000014159605115
000014159799105
000014158916115
000014153299105
000014153027115
000014153199105
000014153799105
000014153899105
000014153999105
000014153499105
000014154599105
000014154799105
000014154899105
000014154999105
000014155099105
000014155199105
000014155299105
000014155399105
000014155499105
000014155599105
000014155699105
000014155799105
000014155899105
000014155999105
000014156099105
000014156199105
000014156299105
000014156399105
000014156404115
000014156799105
000014156899105
000014157099105
000014157199105
000014157399105
000014157499105
000014158199105
000014158299105
000014158399105
000014158499105
000014158599105
000014158699105
000014154699105
000014154199105
000014153599105
000014153699105
000014159899105
000014159999105
000014157999105
000014157899105
000014158099105
000014157599105
000014157799105
000014156699105
000014153399105
000014154413115
000014156999105
000014154399105
000014159199105
000014157299105
