000195350420115
000195355806115
000195350613115
000195350727115
000195350923115
000195351023115
000195351127115
000195351316115
000195351514115
000195351609115
000195351913115
000195352014115
000195352314115
000195352405115
000195352520115
000195352607115
000195352707115
000195352923115
000195353223115
000195353418115
000195353728115
000195353822115
000195355099105
000195354227115
000195354506115
000195354702115
000195354914115
000195355407115
000195355218115
000195355318115
000195355509115
000195355614115
000195355927115
000195356407115
000195356623115
000195357106115
000195357305115
000195357416115
000195357505115
000195358420115
000195358516115
000195358821115
000195359022115
000195359124115
000195359224115
000195359419115
000195359519115
000195359619115
000195359719115
000195359803115
000195353099105
000195358310115
000195358915115
000195350099105
000195350520115
000195358022115
000195357921115
000195350899105
000195352103115
000195354812115
000195352899105
000195356012115
000195353599103
000195353600113
000195353328115
000195357824115
000195357624115
000195352299105
000195353115115
000195358227115
000195355199105
000195356899105
000195356202115
000195357011115
000195356999105
000195357208115
000195354499105
000195354305115
000195356799105
000195359399105
000195358712115
000195354016115
000195350199105
000195354199105
000195354699105
000195351299105
