000195300219115
000195300499105
000195300899105
000195300599105
000195300699105
000195300799105
000195301099105
000195301103115
000195301299105
000195301599105
000195301699105
000195301303115
000195301403115
000195302199105
000195302299105
000195302399105
000195302499105
000195302699105
000195302799105
000195302899105
000195302999105
000195303099105
000195303199105
000195303399105
000195303499105
000195303599105
000195303699105
000195304299105
000195304399105
000195304499105
000195304699105
000195303999105
000195304799105
000195304899105
000195304999105
000195305599105
000195305699105
000195306099105
000195306199105
000195306299105
000195306399105
000195306499105
000195306599105
000195306699105
000195306799105
000195306899105
000195307099105
000195307115115
000195307299105
000195307399105
000195307499105
000195307899105
000195307999105
000195308099105
000195308199105
000195308299105
000195308899105
000195308307115
000195308407115
000195308699105
000195308799105
000195309299105
000195309399105
000195309499105
000195309599105
000195309899105
000195309924115
000195302099105
000195305999105
000195305899105
000195301999105
000195301899105
000195308999105
000195309699105
000195309799105
000195309199105
000195304128115
000195304027115
000195308503115
000195307624115
000195306905115
000195303203115
000195307599105
000195300999105
000195307799105
000195305413115
000195305399105
000195305112115
000195305716115
000195303899105
000195309099105
000195304599105
