000195429999105
000195420099105
000195429799105
000195429613115
000195420899105
000195420499105
000195424299105
000195424199105
000195420199105
000195420599105
000195420699105
000195420799105
000195421099105
000195421199105
000195421299105
000195421499105
000195421699105
000195422099105
000195422299105
000195422599105
000195422607115
000195422923115
000195422807115
000195423121115
000195423218115
000195423423115
000195423599105
000195423699105
000195423799105
000195423825115
000195423999105
000195424099105
000195424399105
000195424409115
000195424599105
000195424625115
000195424799105
000195424899105
000195425099105
000195425199105
000195425599105
000195426199105
000195426309115
000195425924115
000195426024115
000195426299105
000195426499105
000195426699105
000195426899105
000195427099105
000195427199105
000195427299105
000195427399105
000195427499105
000195427599105
000195427699105
000195427814115
000195427999105
000195428099105
000195428199105
000195428215115
000195428326115
000195428499105
000195428615115
000195428799105
000195428825115
000195428999105
000195429099105
000195429199105
000195429399105
000195429499105
000195429599105
000195421799105
000195424999105
000195420399105
000195423325115
000195420999105
000195425899105
000195425499105
000195425222115
000195426999105
000195420299105
000195421599105
000195427724115
000195429899105
000195423099105
000195422306115
000195422799105
000195425608115
000195429299105
000195422199105
000195426599105
