000196410099105
000196410199105
000196410299105
000196410399105
000196410499105
000196410599105
000196410699105
000196410799105
000196410999105
000196411099105
000196410802115
000196411203115
000196411499105
000196412115115
000196412015115
000196412499105
000196411899105
000196411999105
000196412224115
000196412324115
000196412599105
000196412699105
000196412799105
000196412899105
000196413099105
000196412999105
000196413199105
000196413299105
000196413499105
000196413399105
000196413607115
000196413799105
000196413899105
000196413999105
000196414099105
000196414199105
000196414299105
000196414322115
000196414699105
000196414422115
000196414522115
000196414799105
000196414899105
000196414999105
000196415099105
000196415199105
000196415222115
000196415699105
000196415799105
000196415899105
000196415399105
000196415499105
000196415599105
000196417099105
000196415999105
000196416099105
000196416116115
000196416299105
000196416399105
000196416499105
000196416599105
000196416699105
000196416899105
000196416999105
000196411109115
000196417209115
000196417399105
000196417199105
000196417499105
000196417599105
000196417899105
000196417699105
000196417799105
000196417999105
000196418099105
000196418199105
000196418299105
000196418399105
000196418699105
000196418799105
000196418499105
000196418599105
000196418899105
000196418999105
000196413599105
000196419099105
000196419199105
000196419299105
000196419399105
000196411799105
000196411599105
000196419499105
000196419599105
000196419699105
000196419799105
000196411699105
000196419899105
000196419999105
000196411399105
