000193325199105
000193321699105
000193328399105
000193320917115
000193321717115
000193324817115
000193321299105
000193320099105
000193320299105
000193320399105
000193320499105
000193320699105
000193320799105
000193321099105
000193321199105
000193321320115
000193321499105
000193321599105
000193321999105
000193322099105
000193322299105
000193322399105
000193322699105
000193322999105
000193323099105
000193323199105
000193323299105
000193323499105
000193323509115
000193323699105
000193323799105
000193323899105
000193323999105
000193324099105
000193324199105
000193324299105
000193324399105
000193324599105
000193324699105
000193324799105
000193324999105
000193325099105
000193325299105
000193325399105
000193325612115
000193325799105
000193325899105
000193326199105
000193326299105
000193326399105
000193326499105
000193326599105
000193326699105
000193326799105
000193326899105
000193326999105
000193327099105
000193327199105
000193328699105
000193328799105
000193328899105
000193328999105
000193329499105
000193329699105
000193320199105
000193323319115
000193325999105
000193324499105
000193327799105
000193327618115
000193327999105
000193328023115
000193328127115
000193320513115
000193328599105
000193329299105
000193327299105
000193329099105
000193329508115
000193329199105
000193325410115
000193326099105
000193322599105
000193322499105
000193321899105
000193328299105
000193322702115
000193320899105
000193327899105
000193327599105
000193327399105
000193329399105
000193325599105
