000196409599105
000196400699105
000196401499105
000196402718115
000196409699105
000196401099105
000196400199105
000196400299105
000196400399105
000196400499105
000196400520115
000196401299105
000196401399105
000196401199105
000196400799105
000196401799105
000196401899105
000196401599105
000196401699105
000196402099105
000196402199105
000196402399105
000196402499105
000196402599105
000196402699105
000196402899105
000196402999105
000196403099105
000196403299105
000196403399105
000196403499105
000196403599105
000196403699105
000196403799105
000196403899105
000196403999105
000196404299105
000196404399105
000196404699105
000196404799105
000196404899105
000196405599105
000196405699105
000196406120115
000196406299105
000196406499105
000196406517115
000196405999105
000196406099105
000196406399105
000196406999105
000196407099105
000196407299105
000196407399105
000196407499105
000196407599105
000196407699105
000196407899105
000196408399105
000196408499105
000196408599105
000196408699105
000196408799105
000196408899105
000196408999105
000196409099105
000196409199105
000196405399105
000196405499105
000196409319115
000196409499105
000196404900113
000196409799105
000196409899105
000196409999105
000196400899105
000196400999105
000196406725115
000196405799105
000196405825115
000196407999105
000196409299105
000196403199105
000196404599105
000196404499105
000196407199105
000196406899105
000196402299105
000196408299105
000196408199105
000196408099105
