000196423199105
000196421599105
000196421399105
000196421199105
000196420199105
000196420399105
000196420499105
000196420699105
000196420799105
000196420899105
000196420999105
000196421899105
000196421099105
000196421299105
000196421499105
000196421799105
000196421999105
000196422128115
000196424099105
000196422699105
000196422899105
000196422916115
000196423503115
000196423699105
000196423799105
000196423899105
000196424299105
000196422799105
000196422599105
000196424504115
000196424699105
000196425399105
000196425499105
000196425599105
000196425799105
000196424799105
000196424899105
000196424999105
000196425099105
000196425199105
000196425899105
000196425999105
000196426110115
000196426299105
000196426399105
000196426499105
000196426599105
000196426699105
000196426899105
000196426999105
000196427099105
000196427199105
000196427299105
000196427399105
000196427499105
000196428008115
000196429008115
000196429199105
000196429299105
000196429499105
000196429599105
000196429699105
000196429799105
000196429899105
000196429999105
000196427699105
000196422099105
000196422403115
000196422205115
000196422305115
000196423499105
000196423999105
000196425299105
000196425699105
000196427507115
000196427710115
000196428399105
000196427999105
000196427899105
000196426099105
000196428199105
000196428999105
000196428899105
000196428299105
000196420599105
000196428599105
000196428499105
000196428799105
000196424399105
000196426714115
000196423015115
000196424115115
000196420099105
000196424499105
000196428612115
000196421613115
