000196432599105
000196433999105
000196436199105
000196431321115
000196434021115
000196439699105
000196438017115
000196431899105
000196439099105
000196430209115
000196430399105
000196430499105
000196430599105
000196430628115
000196430799105
000196430899105
000196430999105
000196431099105
000196431499105
000196431599105
000196431699105
000196431799105
000196431999105
000196432099105
000196432299105
000196432399105
000196432499105
000196432899105
000196432799105
000196432699105
000196434499105
000196434599105
000196433799105
000196433899105
000196438299105
000196433099105
000196433199105
000196433219115
000196433599105
000196433699105
000196434799105
000196433499105
000196433399105
000196432920115
000196434399105
000196434699105
000196435499105
000196434899105
000196434999105
000196435099105
000196435199105
000196435299105
000196435399105
000196435599105
000196435699105
000196434199105
000196434299105
000196435899105
000196435999105
000196436099105
000196437111115
000196436699105
000196437299105
000196436799105
000196436999105
000196437399105
000196437599105
000196437499105
000196437799105
000196438123115
000196438399105
000196438499105
000196438599105
000196438699105
000196438799105
000196438899105
000196438999105
000196439799105
000196439499105
000196439599105
000196439299105
000196439399105
000196439899105
000196439999105
000196439199105
000196437099105
000196430002115
000196430199105
000196435799105
000196432115115
000196431199105
000196436399105
000196431299105
000196436299105
000196436499105
000196436599105
000196437699105
000196436899105
