000195416105115
000195417299105
000195414799105
000195410019115
000195410199105
000195410299105
000195410399105
000195410499105
000195410799105
000195410899105
000195410999105
000195411020115
000195411120115
000195411213115
000195411322115
000195411499105
000195411699105
000195411706115
000195412099105
000195412199105
000195412299105
000195412399105
000195412499105
000195412599105
000195412699105
000195412799105
000195412899105
000195412999105
000195413099105
000195413199105
000195413299105
000195413399105
000195413499105
000195413599105
000195414018115
000195414199105
000195414399105
000195414499105
000195414599105
000195414699105
000195414899105
000195415012115
000195415299105
000195415799105
000195415899105
000195415999105
000195416299105
000195416499105
000195416399105
000195416599105
000195416699105
000195416799105
000195416899105
000195416999105
000195417099105
000195417199105
000195417399105
000195417699105
000195417799105
000195417899105
000195417999105
000195418099105
000195418199105
000195418299105
000195418399105
000195418499105
000195418699105
000195418899105
000195418999105
000195419099105
000195419199105
000195419299105
000195419399105
000195419499105
000195419599105
000195419699105
000195419799105
000195419899105
000195418705115
000195415699105
000195413925115
000195413699105
000195415599105
000195411599105
000195411899105
000195415105115
000195415399105
000195417599105
000195417403115
000195416099105
000195413899105
