000195331404115
000195331507115
000195330407115
000195330204115
000195330607115
000195330705115
000195330907115
000195331027115
000195331110115
000195331210115
000195331704115
000195332116115
000195332219115
000195332314115
000195332426115
000195332509115
000195332609115
000195332828115
000195332926115
000195333024115
000195333324115
000195333527115
000195333622115
000195333813115
000195334012115
000195334210115
000195334306115
000195334403115
000195334509115
000195334710115
000195334922115
000195335024115
000195335126115
000195335226115
000195335327115
000195335499105
000195335526115
000195335821115
000195335721115
000195334813115
000195336016115
000195336116115
000195336726115
000195336317115
000195336417115
000195337007115
000195337107115
000195337226115
000195337326115
000195337405115
000195337622115
000195337805115
000195337906115
000195338004115
000195338225115
000195338406115
000195338521115
000195338721115
000195338821115
000195338905115
000195339011115
000195339220115
000195339325115
000195339520115
000195339826115
000195339903115
000195333126115
000195333999105
000195331317115
000195330818115
000195333718115
000195331921115
000195336600113
000195330309115
000195339499105
000195330599105
000195338625115
000195336299105
000195339625115
000195339799105
000195333403115
000195330103115
000195336804115
000195333299105
000195336999105
000195337707115
000195335607115
000195338199105
000195334199105
000195334699105
000195332799105
000195338303115
000195335999105
