000193318499105
000193318399105
000193315199105
000193313999105
000193313299105
000193313699105
000193313799105
000193314099105
000193314199105
000193314299105
000193314399105
000193314599105
000193315399105
000193315499105
000193315719115
000193315819115
000193316099105
000193316199105
000193316210115
000193316699105
000193316799105
000193316899105
000193317199105
000193317299105
000193317099105
000193317315115
000193317699105
000193317720115
000193317820115
000193317999105
000193318199105
000193318622115
000193318799105
000193319399105
000193319499105
000193319599105
000193319799105
000193319999105
000193319099105
000193315999105
000193319199105
000193319299105
000193314499105
000193318099105
000193316999105
000193313599105
000193315599105
000193315299105
000193318599105
000193313499105
000193316399105
000193314899105
000193316499105
000193316599105
000193314723115
000193314699105
000193313899105
000193313099105
000193318299105
000193315099105
000193318810115
000193318999105
000193314999105
000193317499105
000193317599105
000193313305115
000193315619115
