000195430019115
000195438605115
000195438402115
000195438202115
000195438112115
000195437914115
000195437814115
000195437714115
000195437418115
000195437318115
000195437221115
000195439523115
000195437117115
000195439912115
000195439813115
000195439610115
000195439407115
000195439104115
000195439015115
000195438919115
000195438822115
000195437014115
000195436916115
000195436823115
000195436723115
000195436603115
000195436524115
000195436414115
000195434317115
000195434415115
000195434605115
000195434717115
000195435016115
000195435203115
000195435712115
000195435913115
000195436206115
000195432816115
000195433120115
000195433218115
000195433312115
000195433404115
000195433517115
000195433616115
000195433807115
000195433919115
000195434225115
000195430125115
000195430613115
000195430714115
000195430913115
000195431209115
000195431311115
000195431520115
000195431607115
000195431802115
000195432113115
000195432213115
000195432317115
000195432409115
000195437615115
000195431106115
000195438020115
000195433099105
000195430223115
000195435399105
000195439799105
000195430899105
000195435425115
000195431416115
000195437517115
000195436121115
000195435599105
000195435621115
000195430399105
000195430404115
000195431004115
000195434905115
000195439299105
000195431799105
000195434806115
000195438399105
000195432999105
000195432010115
000195434599105
000195438713115
000195433714115
000195434099105
000195432512115
000195436099105
