000195440007115
000195442915115
000195448599105
000195447618115
000195440420115
000195440599105
000195440602115
000195440716115
000195441100113
000195441499105
000195441899105
000195441999105
000195442014115
000195442114115
000195442325115
000195442499105
000195442599105
000195442699105
000195442799105
000195442899105
000195443099105
000195443199105
000195443699105
000195443715115
000195443899105
000195443999105
000195444099105
000195444199105
000195444220115
000195444399105
000195444499105
000195444524115
000195444810115
000195444722115
000195444999105
000195445199105
000195445299105
000195445799105
000195447100113
000195447200113
000195445999105
000195447300113
000195447400113
000195447500113
000195446199105
000195446299105
000195446599105
000195446699105
000195446499105
000195446719115
000195446818115
000195446928115
000195447799105
000195447823115
000195448104115
000195448299105
000195448699105
000195449399105
000195449499105
000195449501115
000195449999105
000195445399105
000195445499105
000195442214115
000195449899105
000195440199105
000195448823115
000195448923115
000195449123115
000195441799105
000195448727115
000195443499105
000195446028115
000195443399105
000195447999105
000195449213115
000195444627115
000195447028115
000195443599105
000195445599105
000195448099105
000195448399105
000195440999105
