000195383899105
000195383418115
000195383518115
000195383628115
000195384212115
000195380017115
000195380122115
000195380299105
000195380410115
000195380702115
000195381199105
000195381211115
000195381305115
000195381699105
000195381899105
000195382914115
000195382718115
000195383105115
000195383203115
000195383799105
000195383928115
000195384028115
000195384111115
000195384699105
000195384799105
000195384899105
000195385014115
000195385299105
000195385317115
000195385499105
000195385599105
000195385617115
000195385717115
000195385817115
000195385999105
000195386015115
000195386124115
000195386299105
000195386509115
000195386799105
000195386824115
000195387099105
000195387299105
000195387318115
000195387424115
000195387699105
000195387799105
000195387999105
000195388099105
000195388199105
000195388299105
000195388399105
000195388499105
000195388599105
000195388709115
000195388999105
000195389099105
000195389128115
000195389604115
000195389599105
000195389899105
000195389299105
000195384499105
000195385118115
000195384319115
000195381599105
000195382199105
000195386618115
000195382612115
000195387524115
000195388899105
000195389499105
000195382899105
000195382099105
000195389399105
000195380399105
000195386399105
000195381799105
000195386499105
000195387899105
000195380810115
000195380599105
000195382399105
000195384999105
000195381499105
000195386999105
000195388699105
000195381999105
000195380699105
000195387199105
000195380912115
000195382299105
000195382499105
000195382599105
