000195450103115
000195450214115
000195450424115
000195450516115
000195450613115
000195450816115
000195451412115
000195451525115
000195451617115
000195451709115
000195451813115
000195452705115
000195452815115
000195453406115
000195453516115
000195453604115
000195453725115
000195454304115
000195454805115
000195454925115
000195456116115
000195456217115
000195456324115
000195456511115
000195456812115
000195458107115
000195458226115
000195458506115
000195459311115
000195459411115
000195459816115
000195459916115
000195457007115
000195451299105
000195458300113
000195450099105
000195456799105
000195452099105
000195451099105
000195451199105
000195459699105
000195456428115
000195458699105
000195450304115
000195450904115
000195450799105
000195459299105
000195459511115
000195458499105
000195451915115
000195456999105
000195459012115
000195459799105
000195453099105
