000195366415115
000195360424115
000195360025115
000195360122115
000195360517115
000195360610115
000195360723115
000195360820115
000195360920115
000195361303115
000195361019115
000195361128115
000195361407115
000195361522115
000195361723115
000195361911115
000195362011115
000195362723115
000195362927115
000195363006115
000195363121115
000195363221115
000195363312115
000195363412115
000195364125115
000195364210115
000195364322115
000195364420115
000195364511115
000195364611115
000195364721115
000195364821115
000195364919115
000195365007115
000195365318115
000195365427115
000195365522115
000195365618115
000195365802115
000195365910115
000195366121115
000195366218115
000195366327115
000195366521115
000195366621115
000195366706115
000195366926115
000195367026115
000195367124115
000195367320115
000195367418115
000195367620115
000195367926115
000195368115115
000195368218115
000195368320115
000195368420115
000195368518115
000195368620115
000195368712115
000195368824115
000195369013115
000195369119115
000195369320115
000195369416115
000195369516115
000195369616115
000195369824115
000195361823115
000195367813115
000195362899105
000195362100113
000195362300113
000195362400113
000195362500113
000195362600113
000195362200113
000195369917115
000195367599105
000195365726115
000195369724115
000195366828115
000195364099105
000195361699105
000195363923115
000195369203115
000195361205115
000195363728115
000195367799105
000195365207115
000195367208115
000195363899105
000195360309115
000195366099105
000195360299105
