000195390117115
000195390299105
000195390499105
000195390704115
000195390899105
000195391499105
000195391611115
000195391711115
000195391804115
000195392315115
000195392415115
000195392799105
000195392921115
000195393099105
000195393199105
000195393399105
000195393599105
000195393699105
000195393999105
000195394299105
000195394399105
000195394499105
000195394619115
000195394917115
000195396999105
000195397099105
000195397199105
000195397299105
000195397318115
000195397499105
000195397599105
000195397616115
000195397725115
000195397899105
000195397924115
000195398099105
000195398199105
000195398226115
000195398499105
000195398599105
000195398699105
000195398828115
000195399099105
000195399199105
000195399599105
000195399499105
000195399699105
000195399799105
000195399999105
000195395199105
000195395226115
000195395499105
000195395699105
000195395899105
000195395999105
000195396003115
000195396199105
000195396299105
000195396399105
000195396412115
000195396512115
000195396612115
000195396711115
000195399221115
000195399318115
000195398399105
000195392599105
000195394802115
000195392102115
000195393499105
000195392699105
000195396806115
000195392899105
000195391299105
000195392210115
000195390999105
000195391099105
000195391310115
000195395011115
000195390399105
000195394599105
000195399899105
000195393299105
000195392099105
000195394703115
000195395399105
000195398799105
000195391599105
000195390699105
