000195340199105
000195340699105
000195340899105
000195340999105
000195341099105
000195341215115
000195341399105
000195341426115
000195341604115
000195341704115
000195341999105
000195342004115
000195342399105
000195342499105
000195342604115
000195342705115
000195342805115
000195343019115
000195343128115
000195343228115
000195343328115
000195343599105
000195343611115
000195343911115
000195343807115
000195346417115
000195344199105
000195344299105
000195344399105
000195344799105
000195344899105
000195344999105
000195345099105
000195345107115
000195345299105
000195345499105
000195345599105
000195345699105
000195345799105
000195345399105
000195345899105
000195345999105
000195346099105
000195346299105
000195346399105
000195346117115
000195346599105
000195346822115
000195347099105
000195346906115
000195347199105
000195347204115
000195347399105
000195347599105
000195347899105
000195347799105
000195347999105
000195348107115
000195340517115
000195348399105
000195348499105
000195348699105
000195348799105
000195348818115
000195348921115
000195349199105
000195349221115
000195349024115
000195349699105
000195349799105
000195349800113
000195349900113
000195343799105
000195347627115
000195340799105
000195346728115
000195349328115
000195340099105
000195341899105
000195347499105
000195342599105
000195343499105
000195342199105
000195342999105
000195349599105
000195349499105
000195348215115
000195348515115
000195340413115
000195340219115
000195344699105
