000195402224115
000195402324115
000195405699105
000195405799105
000195405899105
000195406099105
000195406199105
000195406299105
000195406399105
000195406620115
000195406799105
000195406599105
000195406899105
000195406999105
000195407099105
000195407199105
000195407299105
000195407321115
000195406499105
000195407499105
000195407599105
000195407699105
000195407799105
000195407899105
000195407999105
000195408099105
000195408199105
000195408299105
000195408599105
000195408699105
000195408799105
000195408899105
000195409099105
000195409299105
000195409399105
000195409499105
000195409599105
000195400299105
000195400499105
000195400699105
000195400899105
000195401299105
000195401399105
000195401403115
000195401599105
000195401699105
000195400999105
000195401099105
000195401799105
000195401899105
000195401917115
000195402099105
000195402199105
000195402499105
000195402599105
000195402699105
000195402799105
000195403099105
000195403199105
000195402899105
000195402999105
000195403299105
000195403405115
000195403599105
000195403625115
000195403799105
000195403905115
000195404005115
000195404199105
000195404299105
000195404399105
000195404499105
000195404599105
000195404699105
000195404799105
000195405399105
000195405199105
000195405299105
000195409799105
000195409899105
000195409999105
000195404899105
000195409122115
000195408999105
000195408499105
000195403323115
000195408399105
000195403899105
000195404999105
000195400106115
000195409602115
000195405099105
000195401112115
000195405999105
