000195373614115
000195375107115
000195370122115
000195370019115
000195370306115
000195370420115
000195370524115
000195370707115
000195371015115
000195371107115
000195371207115
000195371322115
000195371416115
000195371516115
000195371616115
000195371710115
000195371810115
000195372123115
000195372319115
000195372420115
000195372503115
000195372626115
000195372720115
000195372924115
000195373021115
000195373205115
000195373302115
000195373412115
000195373815115
000195373917115
000195374015115
000195374115115
000195374215115
000195374318115
000195374618115
000195375015115
000195375207115
000195375307115
000195375609115
000195375710115
000195375921115
000195376419115
000195376519115
000195376614115
000195376899105
000195376999105
000195377099105
000195377399105
000195378099105
000195378127115
000195379210115
000195378207115
000195378325115
000195379725115
000195378499105
000195378607115
000195378799105
000195378910115
000195379119115
000195379316115
000195379499105
000195379599105
000195376104115
000195376204115
000195379915115
000195374718115
000195373514115
000195374414115
000195374514115
000195373119115
000195379899105
000195379099105
000195376799105
000195375500113
000195374999105
000195374899105
000195372299105
000195379699105
000195376399105
000195377899105
000195375899105
000195377999105
000195377199105
000195377599105
000195372099105
000195371999105
000195376013115
000195377499105
000195377699105
000195377299105
000195370699105
