000200233315115
000200235399105
000200233812115
000200231099105
000200230999105
000200230099105
000200230199105
000200230499105
000200230899105
000200230799105
000200231199105
000200231499105
000200231516115
000200231799105
000200231899105
000200231999105
000200232199105
000200232299105
000200232399105
000200235719115
000200232499105
000200232599105
000200232699105
000200232799105
000200232899105
000200232999105
000200233799105
000200233699105
000200233999105
000200234299105
000200234002115
000200234102115
000200234599105
000200234399105
000200234499105
000200234899105
000200234999105
000200235011115
000200234699105
000200235215115
000200235599105
000200235899105
000200235999105
000200236099105
000200236199105
000200236703115
000200236299105
000200236399105
000200236499105
000200236599105
000200236602115
000200236899105
000200237199105
000200237599105
000200237399105
000200237499105
000200237699105
000200237799105
000200237899105
000200237999105
000200238399105
000200238099105
000200238199105
000200238299105
000200238499105
000200238599105
000200239199105
000200239299105
000200239399105
000200239699105
000200239799105
000200239899105
000200239999105
000200230299105
000200230399105
000200233599105
000200233499105
000200233122115
000200231228115
000200233224115
000200233099105
000200231602115
000200239005115
000200231399105
000200237299105
000200238999105
000200234799105
000200235699105
000200235199105
000200230602115
000200230599105
000200232015115
000200239499105
000200238799105
000200239599105
000200238699105
000200235499105
000200238899105
