000200221199105
000200221299105
000200221499105
000200221599105
000200221399105
000200221799105
000200221899105
000200221999105
000200222199105
000200228599105
000200220999105
000200225699105
000200225799105
000200225199105
000200225299105
000200225399105
000200225499105
000200225599105
000200222599105
000200222699105
000200222799105
000200222819115
000200223199105
000200223299105
000200223623115
000200223723115
000200223920115
000200224099105
000200224199105
000200224299105
000200223899105
000200224399105
000200224799105
000200224899105
000200224599105
000200224699105
000200225099105
000200224999105
000200226099105
000200226117115
000200226412115
000200226799105
000200226310115
000200226599105
000200226699105
000200226999105
000200227099105
000200227199105
000200227299105
000200227318115
000200227418115
000200227518115
000200228299105
000200227999105
000200228899105
000200228999105
000200229999105
000200229099105
000200228799105
000200229699105
000200229199105
000200229299105
000200220699105
000200229799105
000200220799105
000200223399105
000200223499105
000200220014115
000200220114115
000200220215115
000200220514115
000200228199105
000200228699105
000200222999105
000200223099105
000200221099105
000200221699105
000200225899105
000200224499105
000200225928115
000200229499105
000200229599105
000200226299105
000200229899105
000200222299105
000200222399105
000200222099105
000200227699105
000200227809115
000200227711115
000200229399105
000200222499105
000200220499105
000200220316115
000200228099105
000200228399105
000200220899105
