000200372999105
000200373099105
000200373199105
000200373299105
000200372513115
000200373599105
000200373308115
000200373499105
000200373799105
000200373825115
000200374099105
000200374199105
000200374299105
000200373699105
000200373999105
000200374399105
000200374499105
000200374599105
000200374699105
000200374799105
000200374899105
000200374999105
000200375099105
000200375199105
000200375299105
000200375399105
000200375499105
000200375599105
000200375699105
000200375799105
000200376099105
000200375899105
000200375999105
000200376199105
000200376799105
000200376899105
000200376299105
000200376399105
000200376499105
000200376599105
000200376699105
000200376999105
000200377099105
000200377199105
000200377299105
000200377399105
000200377499105
000200377599105
000200377699105
000200377712115
000200377999105
000200378099105
000200378199105
000200377899105
000200378299105
000200378399105
000200378499105
000200378514115
000200378699105
000200378899105
000200379999105
000200378911115
000200379021115
000200379199105
000200379299105
000200379399105
000200379499105
000200379599105
000200379699105
000200379799105
000200379899105
000200378799105
000200371199105
000200371299105
000200371399105
000200371499105
000200371599105
000200371699105
000200371799105
000200371999105
000200371899105
000200372099105
000200372199105
000200372299105
000200372399105
000200372499105
000200372699105
000200372799105
000200372899105
