000200190614115
000200196499105
000200197499105
000200190513115
000200194899105
000200191899105
000200194099105
000200190099105
000200190199105
000200190299105
000200190799105
000200190899105
000200190999105
000200191099105
000200191199105
000200191299105
000200191399105
000200191499105
000200191799105
000200191999105
000200192099105
000200192399105
000200192499105
000200192699105
000200192899105
000200192999105
000200193199105
000200193514115
000200193716115
000200193899105
000200193999105
000200194399105
000200194499105
000200194599105
000200194699105
000200194999105
000200194723115
000200195199105
000200195299105
000200195799105
000200196599105
000200196699105
000200196799105
000200197399105
000200197699105
000200197799105
000200197999105
000200197510115
000200198299105
000200198499105
000200198699105
000200198902115
000200199099105
000200199199105
000200199407115
000200199699105
000200199799105
000200199899105
000200199999105
000200192799105
000200193299105
000200192299105
000200191599105
000200193412115
000200193327115
000200196826115
000200197027115
000200197199105
000200196004115
000200196204115
000200196303115
000200195499105
000200195999105
000200193699105
000200198807115
000200196108115
000200197210115
000200195399105
000200199299105
000200199399105
000200190399105
000200196999105
000200190499105
000200194199105
000200195899105
000200191614115
000200192199105
000200198399105
000200195599105
000200198099105
000200195699105
000200198799105
000200193006115
000200198599105
000200198199105
