000200279019115
000200276699105
000200278299105
000200278399105
000200270399105
000200270499105
000200270599105
000200279121115
000200279223115
000200270699105
000200270899105
000200270999105
000200271099105
000200279599105
000200279399105
000200270099105
000200279699105
000200279799105
000200279899105
000200274999105
000200278599105
000200270299105
000200270123115
000200278923115
000200271399105
000200271411115
000200271599105
000200271699105
000200271799105
000200271899105
000200271922115
000200272022115
000200272199105
000200272299105
000200272599105
000200272699105
000200272799105
000200272899105
000200272999105
000200273099105
000200273199105
000200273599105
000200273799105
000200273899105
000200273999105
000200274099105
000200274199105
000200274299105
000200274699105
000200274399105
000200274499105
000200274799105
000200274899105
000200275099105
000200275299105
000200275799105
000200275499105
000200275899105
000200275999105
000200276026115
000200276126115
000200276326115
000200276226115
000200276599105
000200276799105
000200276899105
000200276999105
000200276421115
000200278499105
000200277099105
000200277523115
000200277199105
000200277299105
000200277399105
000200277403115
000200277699105
000200277799105
000200279422115
000200278722115
000200278699105
000200278899105
000200279999105
000200274599105
000200273399105
000200273499105
000200277999105
000200277899105
000200278099105
000200275599105
000200273699105
000200273299105
000200271299105
000200275107115
000200275699105
