000200291219115
000200291122115
000200292999105
000200291099105
000200290999105
000200290299105
000200290799105
000200290899105
000200293099105
000200292899105
000200291999105
000200295599105
000200295299105
000200290499105
000200290599105
000200290699105
000200292023115
000200297099105
000200291499105
000200291599105
000200291699105
000200291399105
000200291799105
000200291899105
000200292199105
000200292299105
000200292399105
000200292499105
000200292622115
000200292799105
000200296321115
000200296421115
000200296599105
000200296699105
000200296799105
000200295499105
000200295699105
000200295799105
000200295899105
000200297217115
000200297311115
000200297411115
000200297511115
000200297699105
000200297799105
000200297899105
000200297999105
000200298099105
000200298199105
000200298206115
000200298399105
000200293199105
000200293299105
000200295123115
000200293399105
000200293499105
000200293699105
000200293799105
000200293899105
000200293999105
000200294099105
000200294200113
000200294199105
000200294399105
000200290199105
000200290099105
000200294499105
000200294511115
000200294611115
000200294799105
000200294999105
000200298499105
000200298599105
000200298699105
000200298727115
000200296199105
000200296299105
000200296899103
000200298905115
000200299005115
000200296099105
000200299199105
000200299299105
000200299399105
000200299499105
000200299599105
000200299699105
000200299700113
000200299899105
000200299999105
000200295999105
000200293599105
000200298899105
000200292599105
000200295099105
000200295308115
000200296908115
000200294813115
