000200136799105
000200130199105
000200130299105
000200130399105
000200130499105
000200130599105
000200130799105
000200130899105
000200130999105
000200131099105
000200131599105
000200131699105
000200131799105
000200131899105
000200131999105
000200132099105
000200132299105
000200132199105
000200132499105
000200132399105
000200132609115
000200132799105
000200132999105
000200133199105
000200133299105
000200133599105
000200133828115
000200134099105
000200134399105
000200134499105
000200134599105
000200134699105
000200134899105
000200134799105
000200133999105
000200135014115
000200135114115
000200135399105
000200135499105
000200135699105
000200135999105
000200136199105
000200136206115
000200136499105
000200136599105
000200136699105
000200136899105
000200136999105
000200137099105
000200137199105
000200137499105
000200137599105
000200137799105
000200137899105
000200137909115
000200138220115
000200138318115
000200138499105
000200138599105
000200138699105
000200139199105
000200139299105
000200139399105
000200139499105
000200139599105
000200139099105
000200138907115
000200139707115
000200139816115
000200139999105
000200130099105
000200134999105
000200136099105
000200133399105
000200132899105
000200133699105
000200137399105
000200137299105
000200133099105
000200138099105
000200138199105
000200137606115
000200138799105
000200138899105
000200135808115
000200135708115
000200131299105
000200131399105
000200131499105
000200139699105
000200130615115
000200133499105
000200133799105
