000200391799105
000200391699105
000200391599105
000200394499105
000200394599105
000200394699105
000200396919115
000200395799105
000200395506115
000200397699105
000200395406115
000200395699105
000200390199105
000200393218115
000200390099105
000200390599105
000200390499105
000200390799105
000200390899105
000200390999105
000200391099105
000200390699105
000200394199105
000200394299105
000200394399105
000200390299105
000200396099105
000200395999105
000200396113115
000200397799105
000200390399105
000200396799105
000200396899105
000200396599105
000200396699105
000200397199105
000200397299105
000200397399105
000200397499105
000200397599105
000200398099105
000200397899105
000200397999105
000200398199105
000200398299105
000200398599105
000200398399105
000200398799105
000200398499105
000200398899105
000200398999105
000200399099105
000200399199105
000200399299105
000200399399105
000200399499105
000200399599105
000200399699105
000200399899105
000200399999105
000200399799105
000200394099105
000200391918115
000200395228115
000200396299105
000200396399105
000200391828115
000200391199105
000200391410115
000200392799105
000200392517115
000200392617115
000200392399105
000200392499105
000200392899105
000200392999105
000200393025115
000200393122115
000200393399105
000200393499105
000200395199105
000200393899105
000200392299105
000200393699105
000200393999105
000200393799105
000200395302115
000200392199105
000200393599105
000200392099105
000200397099105
000200398699105
000200396499105
000200391299105
000200395899105
