000200269509115
000200267605115
000200269699105
000200261299105
000200261399105
000200261699105
000200261799105
000200262099105
000200262199105
000200262499105
000200261499105
000200261599105
000200262223115
000200262599105
000200262699105
000200263199105
000200263299105
000200263399105
000200263516115
000200263699105
000200263799105
000200263899105
000200263999105
000200261899105
000200261999105
000200264099105
000200264199105
000200264299105
000200264399105
000200264499105
000200264699105
000200264799105
000200264899105
000200264999105
000200265099105
000200265199105
000200265799105
000200266199105
000200266299105
000200266499105
000200266599105
000200266899105
000200266999105
000200267099105
000200267199105
000200267299105
000200267399105
000200267499105
000200267799105
000200267899105
000200267999105
000200268099105
000200268199105
000200268299105
000200268399105
000200268499105
000200268799105
000200268899105
000200269099105
000200269199105
000200269299105
000200269799105
000200269899105
000200261099105
000200265999105
000200265899105
000200260399105
000200260499105
000200260599105
000200260717115
000200260817115
000200260917115
000200268599105
000200264525115
000200262899105
000200266699105
000200268602115
000200262799105
000200262999105
000200261199105
000200260199105
000200260299105
000200263007115
000200263411115
000200260609115
000200266009115
000200267599105
