000200076209115
000200075499105
000200075321115
000200074122115
000200070099105
000200070199105
000200070217115
000200070399105
000200070425115
000200070599105
000200070699105
000200070899105
000200070999105
000200071002115
000200071514115
000200071316115
000200072299105
000200071899105
000200071999105
000200072099105
000200072399105
000200072415115
000200072709115
000200072899105
000200073799105
000200073899105
000200071699105
000200071799105
000200073912115
000200074299105
000200074399105
000200074099105
000200074699105
000200074799105
000200074899105
000200075599105
000200075699105
000200072999105
000200073099105
000200075899105
000200075903115
000200076099105
000200076399105
000200077199105
000200076599105
000200076899105
000200077299105
000200077399105
000200077599105
000200078599105
000200077999105
000200077899105
000200078019115
000200078199105
000200078299105
000200078999105
000200079099105
000200079106115
000200079499105
000200079599105
000200079699105
000200079999105
000200078499105
000200074999105
000200076799105
000200078799105
000200073121115
000200073221115
000200072199105
000200072599105
000200079299105
000200076999105
000200077620115
000200078899105
000200079802115
000200079705115
000200071299105
000200076199105
000200076407115
000200073499105
000200070799105
000200079399105
000200071199105
000200075111115
000200071499105
000200075799105
000200072699105
000200073699105
000200077099105
000200078399105
