000200217399105
000200217499105
000200216799105
000200219299105
000200212299105
000200219999105
000200219816115
000200218817115
000200210599105
000200215199105
000200214499105
000200214399105
000200219199105
000200210099105
000200210299105
000200210399105
000200210699105
000200210899105
000200217699105
000200210999105
000200211099105
000200217899105
000200217999105
000200218099105
000200218206115
000200218399105
000200219319115
000200218999105
000200219499105
000200219599105
000200219699105
000200219799105
000200218799105
000200219099105
000200211299105
000200211399105
000200211199105
000200211627115
000200211799105
000200211899105
000200211999105
000200212099105
000200212399105
000200212113115
000200212499105
000200212699105
000200212799105
000200212899105
000200213099105
000200213199105
000200213299105
000200213699105
000200213799105
000200213899105
000200214199105
000200214599105
000200214899105
000200215099105
000200215299105
000200215399105
000200215499105
000200215602115
000200215799105
000200215899105
000200215999105
000200216099105
000200216199105
000200216399105
000200216499105
000200216699105
000200216999105
000200217599105
000200217199105
000200217299105
000200211527115
000200214999105
000200213402115
000200214699105
000200218499105
000200211499105
000200210499105
000200218699105
000200212999105
000200210108115
000200214099105
000200213999105
000200213399105
000200215599105
000200216599105
000200214799105
000200216206115
000200218599105
000200210799105
