000200006699105
000200000799105
000200005199105
000200000199105
000200006199105
000200000299105
000200000399105
000200000499105
000200000599105
000200000699105
000200000999105
000200001099105
000200001299105
000200001599105
000200001699105
000200001727115
000200001899105
000200006099105
000200002299105
000200002399105
000200002403115
000200002599105
000200002799105
000200002999105
000200003099105
000200003299105
000200003399105
000200003499105
000200003599105
000200003699105
000200003999105
000200004099105
000200003799105
000200004199105
000200004399105
000200004414115
000200004899105
000200004999105
000200005099105
000200005299105
000200005399105
000200005499105
000200005599105
000200007499105
000200007599105
000200007699105
000200007799105
000200007813115
000200007999105
000200008099105
000200008699105
000200008199105
000200005799105
000200005899105
000200005999105
000200006299105
000200006399105
000200006499105
000200006799105
000200006899105
000200006999105
000200005624115
000200007199105
000200008710115
000200008899105
000200008910115
000200009099105
000200009499105
000200009599105
000200009309115
000200009609115
000200009899105
000200009999105
000200009299105
000200007399105
000200009117115
000200008299105
000200008526115
000200006502115
000200007099105
000200004699105
000200004799105
000200001399105
000200004599105
000200007299105
000200009708115
000200002008115
000200001908115
000200002108115
000200001403115
000200002899105
000200003899105
000200008305115
000200000899105
000200008499105
000200003199105
