000200205999105
000200206099105
000200206499105
000200205603115
000200206199105
000200206299105
000200206399105
000200207599105
000200207699105
000200207799105
000200207999105
000200208099105
000200208199105
000200208299105
000200207099105
000200208399105
000200208419115
000200208599105
000200208699105
000200208799105
000200208899105
000200208999105
000200209028115
000200209199105
000200200199105
000200202721115
000200207499105
000200200299105
000200209699105
000200209724115
000200209899105
000200209999105
000200200399105
000200200499105
000200200599105
000200200605115
000200200899105
000200200999105
000200205599105
000200206799105
000200206599105
000200207299105
000200207399105
000200202999105
000200200799105
000200201099105
000200201199105
000200201225115
000200201399105
000200201499105
000200201599105
000200201799105
000200201699105
000200201899105
000200202126115
000200201999105
000200202099105
000200202227115
000200202399105
000200202499105
000200202599105
000200202699105
000200203199105
000200203099105
000200203299105
000200203799105
000200203899105
000200203999105
000200203399105
000200203499105
000200203599105
000200203699105
000200204499105
000200204599105
000200204699105
000200205099105
000200205499105
000200204399105
000200204899105
000200204999105
000200207199105
000200205199105
000200205299105
000200209304115
000200209299105
000200205811115
000200202899105
000200200099105
000200206699105
000200205799105
000200207899105
000200204299105
000200204099105
000200204199105
000200209599105
000200205399105
000200204713115
000200206812115
000200209499105
