000200059099105
000200059721115
000200050100113
000200050809115
000200051011115
000200051112115
000200051314115
000200052425115
000200052526115
000200052627115
000200052728115
000200052999105
000200053099105
000200053199105
000200053299105
000200053399105
000200053499105
000200053599105
000200053999105
000200054099105
000200054199105
000200054216115
000200055200113
000200055300113
000200055100113
000200055400113
000200055500113
000200055600113
000200055700113
000200055013115
000200054999105
000200054704115
000200056099105
000200054804115
000200056199105
000200056299105
000200056399105
000200056499105
000200056599105
000200056699105
000200056999105
000200057099105
000200056716115
000200056899105
000200057400113
000200057500113
000200058099105
000200057399105
000200057899105
000200058399105
000200058199105
000200058499105
000200058526115
000200059304115
000200059499105
000200059599105
000200059699105
000200059899105
000200059904115
000200050099105
000200055899105
000200057999105
000200050599105
000200050699105
000200050799105
000200051699105
000200051799105
000200051899105
000200051999105
000200052099105
000200052199105
000200052299105
000200052399105
000200050203115
000200050304115
000200057199105
000200058999105
000200052899105
000200058299105
000200053699105
000200059209115
000200053799105
000200057699105
000200057799105
000200054499105
000200059112115
000200054508115
000200055999105
000200053899105
