000200153720115
000200150699105
000200150199105
000200150299105
000200150310115
000200150410115
000200150799105
000200150814115
000200151427115
000200152199105
000200152299105
000200152399105
000200151999105
000200152099105
000200153199105
000200153499105
000200153699105
000200154199105
000200154299105
000200154399105
000200154403115
000200154599105
000200154699105
000200154799105
000200154899105
000200155099105
000200155199105
000200155299105
000200155399105
000200155499105
000200155699105
000200156399105
000200156599105
000200156623115
000200156799105
000200156999105
000200155510115
000200157118115
000200157399105
000200157499105
000200157899105
000200157999105
000200158099105
000200158199105
000200158299105
000200158399105
000200159899105
000200158599105
000200158699105
000200158799105
000200158899105
000200159025115
000200159425115
000200156027115
000200159210115
000200151099105
000200156899105
000200156199105
000200155799105
000200155899105
000200155999105
000200150099105
000200157524115
000200157624115
000200159599105
000200159699105
000200159799105
000200152499105
000200152999105
000200158499105
000200158999105
000200159399105
000200151799105
000200154099105
000200159999105
000200157799105
000200159199105
000200150999105
000200152599105
000200152799105
000200152899105
000200151315115
000200151199105
000200151228115
000200152699105
000200151806115
000200157208115
000200153311115
000200153299105
000200150599105
000200151599105
000200153899105
000200153999105
000200153599105
000200153099105
000200154999105
000200156499105
