000200407899105
000200400999105
000200401199105
000200401299105
000200401399105
000200401899105
000200401999105
000200402099105
000200403399105
000200402199105
000200409899105
000200400399105
000200407999105
000200402799105
000200402299105
000200402399105
000200402599105
000200402899105
000200402999105
000200403099105
000200403199105
000200403499105
000200403599105
000200403699105
000200404804115
000200403999105
000200404099105
000200404199105
000200404299105
000200404399105
000200404499105
000200404599105
000200404699105
000200404799105
000200405199105
000200406299105
000200406399105
000200406499105
000200405099105
000200405299105
000200405399105
000200405499105
000200405599105
000200405699105
000200405799105
000200405899105
000200405999105
000200400199105
000200400525115
000200406099105
000200406199105
000200406999105
000200407099105
000200407223115
000200407499105
000200400625115
000200400499105
000200400799105
000200401099105
000200407526115
000200407626115
000200406699105
000200406799105
000200407399105
000200407727115
000200408099105
000200408199105
000200408826115
000200408206115
000200408409115
000200408599105
000200408699105
000200408727115
000200409499105
000200409699105
000200409799105
000200409599105
000200401799105
000200400208115
000200403899105
000200403299105
000200408399105
000200407199105
000200409399105
000200401699105
000200401599105
000200409199105
000200409299105
000200409099105
000200401499105
000200409999105
000200404999105
000200408999105
000200400899105
000200400099105
000200402499105
000200406599105
000200406899105
000200403799105
