000200140099105
000200140106115
000200140299105
000200140399105
000200140499105
000200140699105
000200140799105
000200140899105
000200140999105
000200141099105
000200141199105
000200141299105
000200141399105
000200141499105
000200141599105
000200141699105
000200141799105
000200142099105
000200142199105
000200142299105
000200142399105
000200142499105
000200142599105
000200142799105
000200142899105
000200142999105
000200143099105
000200143299105
000200143399105
000200143499105
000200143599105
000200143699105
000200143899105
000200143999105
000200144099105
000200144199105
000200144799105
000200144899105
000200144913115
000200145099105
000200145199105
000200145299105
000200145399105
000200145599105
000200145699105
000200145799105
000200145823115
000200145923115
000200146199105
000200146499105
000200146599105
000200146699105
000200146799105
000200146899105
000200146999105
000200147099105
000200147199105
000200147299105
000200147599105
000200147699105
000200147799105
000200148099105
000200148199105
000200148399105
000200148499105
000200148599105
000200148699105
000200148799105
000200148899105
000200148999105
000200149299105
000200149399105
000200149499105
000200149599105
000200149699105
000200149799105
000200149899105
000200149999105
000200144499105
000200144599105
000200144699105
000200147899105
000200143199105
000200147322115
000200147422115
000200149099105
000200149199105
000200144399105
000200144223115
000200140503115
000200142628115
000200143799105
000200146211115
000200146399105
000200146099105
000200145499105
000200147999105
