000200011320115
000200010399105
000200010599105
000200010899105
000200010999105
000200011199105
000200011527115
000200011419115
000200011724115
000200011806115
000200011906115
000200012011115
000200012121115
000200012228115
000200012399105
000200012499105
000200012999105
000200013099105
000200013114115
000200013299105
000200013320115
000200013420115
000200013510115
000200013799105
000200013899105
000200013999105
000200014099105
000200014199105
000200014502115
000200014699105
000200014715115
000200014924115
000200015099105
000200015126115
000200015299105
000200015317115
000200015411115
000200015799105
000200015899105
000200015999105
000200016099105
000200016199105
000200016211115
000200016324115
000200016499105
000200016819115
000200017899105
000200017999105
000200018199105
000200018399105
000200018499105
000200018528115
000200018628115
000200018728115
000200018828115
000200018999105
000200019099105
000200019199105
000200019299105
000200019399105
000200019599105
000200019799105
000200019899105
000200019999105
000200012899105
000200016521115
000200010099105
000200019699105
000200011299105
000200010699105
000200012722115
000200017299105
000200013699105
000200016613115
000200014823115
000200016726115
000200010499105
000200019499105
000200017503115
000200010799105
000200017399105
000200014399105
000200017499105
000200018099105
000200014299105
000200010206115
000200015507115
000200018299105
000200017099105
000200017799105
000200016999105
000200017699105
000200010199105
000200012599105
