000200164499105
000200160023115
000200167299105
000200160299105
000200160499105
000200160799105
000200160899105
000200160521115
000200160628115
000200162100113
000200162200113
000200162300113
000200161199105
000200161299105
000200161399105
000200161899105
000200161999105
000200162011115
000200162499105
000200162799105
000200162999105
000200163199105
000200163399105
000200163499105
000200163506115
000200163699105
000200163799105
000200163899105
000200163999105
000200164099105
000200164199105
000200164299105
000200164799105
000200164899105
000200164999105
000200165299105
000200165399105
000200165416115
000200165516115
000200165616115
000200165899105
000200165999105
000200166099105
000200166199105
000200166499105
000200166599105
000200166699105
000200166899105
000200166999105
000200167099105
000200167399105
000200167799105
000200167606115
000200168399105
000200168499105
000200167899105
000200167999105
000200166207115
000200168599105
000200168699105
000200168799105
000200168899105
000200168999105
000200169099105
000200169199105
000200169299105
000200169399105
000200169499105
000200169510115
000200169699105
000200169899105
000200168199105
000200164599105
000200164699105
000200168299105
000200168099105
000200164322115
000200169999105
000200160199105
000200160399105
000200161799105
000200161508115
000200167499105
000200161699105
000200161499105
000200167503115
000200162599105
000200169708115
000200166399105
000200163299105
000200165105115
000200166799105
000200165799105
000200167199105
000200163099105
