000200030820115
000200032299105
000200030099105
000200030417115
000200036599105
000200030199105
000200030599105
000200030699105
000200030799105
000200031299105
000200031699105
000200031999105
000200032099105
000200032199105
000200032599105
000200033599105
000200033699105
000200032399105
000200033799105
000200033999105
000200034099105
000200034103115
000200034399105
000200030219115
000200035399105
000200035499105
000200035799105
000200035812115
000200036099105
000200036199105
000200035999105
000200036720115
000200036899105
000200037900113
000200037199105
000200037499105
000200037599105
000200037899105
000200038099105
000200038299105
000200038599105
000200039099105
000200039199105
000200039299105
000200039499105
000200038899105
000200039599105
000200039899105
000200039999105
000200038699105
000200030399105
000200033128115
000200033228115
000200031099105
000200031199105
000200031799105
000200036399105
000200036699105
000200030999105
000200034517115
000200034205115
000200033004115
000200035199105
000200035299105
000200032499105
000200034699105
000200034799105
000200034406115
000200038799105
000200038199105
000200037207115
000200035008115
000200033303115
000200033806115
000200034999105
000200037699105
000200035699105
000200038399105
000200036915115
000200037015115
000200038415115
000200036499105
000200037399105
000200038999105
000200031499105
000200031399105
000200032699105
000200032799105
000200031899105
