000200257499105
000200254699105
000200254899105
000200254799105
000200254999105
000200255099105
000200255199105
000200255599105
000200255299105
000200255399105
000200255899105
000200255999105
000200256099105
000200256199105
000200256299105
000200256399105
000200253699105
000200256519115
000200256699105
000200256799105
000200257299105
000200257399105
000200259399105
000200257699105
000200257799105
000200257899105
000200258299105
000200258899105
000200258999105
000200251799105
000200258499105
000200258599105
000200258699105
000200259406115
000200259506115
000200258199105
000200251299105
000200251399105
000200259099105
000200252599105
000200251999105
000200259699105
000200252604115
000200251499105
000200251599105
000200251699105
000200252099105
000200252199105
000200252299105
000200252799105
000200253099105
000200253199105
000200253299105
000200253399105
000200259899105
000200253599105
000200259999105
000200253711115
000200253811115
000200253911115
000200254299105
000200254399105
000200252999105
000200253499105
000200250099105
000200250199105
000200250299105
000200250399105
000200250424115
000200250599105
000200250699105
000200250799105
000200250899105
000200250906115
000200251099105
000200254199105
000200254099105
000200255699105
000200254423115
000200254528115
000200255499105
000200258799105
000200256404115
000200258308115
000200258099105
000200252899105
000200257099105
000200252499105
000200252399105
000200251809115
000200259199105
000200259299105
000200256913115
000200256899105
000200251199105
000200255799105
000200257999105
