000200483799105
000200483599105
000200482399105
000200481199105
000200481299105
000200481399105
000200481599105
000200481699105
000200481799105
000200481899105
000200481999105
000200482099105
000200482199105
000200482299105
000200482499105
000200482599105
000200482799105
000200482899105
000200482999105
000200483199105
000200483299105
000200483399105
000200483499105
000200483699105
000200483018115
000200483899105
000200484199105
000200484299105
000200484499105
000200484399105
000200485399105
000200485911115
000200486199105
000200486299105
000200486499105
000200486599105
000200489999105
000200489499105
000200489599105
000200489699105
000200489799105
000200489899105
000200486699105
000200486799105
000200486899105
000200487399105
000200487999105
000200487499105
000200487599105
000200487699105
000200487899105
000200488199105
000200488499105
000200488599105
000200489226115
000200489399105
000200488619115
000200485699105
000200488799105
000200488299105
000200485823115
000200481423115
000200485428115
000200480899105
000200480099105
000200480199105
000200480299105
000200480399105
000200480499105
000200480527115
000200480699105
000200480799105
000200480999105
000200481099105
000200489011115
000200489199105
000200487299105
000200488999105
000200485299105
000200487799105
000200482699105
000200484099105
000200484599105
000200486399105
000200485099105
000200484999105
000200484899105
000200484699105
000200487099105
000200486999105
000200487199105
