000200447499105
000200447899105
000200443121115
000200444321115
000200440099105
000200440199105
000200440299105
000200440399105
000200440599105
000200440799105
000200440899105
000200441099105
000200441799105
000200441899105
000200441399105
000200441499105
000200441999105
000200442099105
000200442199105
000200442399105
000200442499105
000200442599105
000200442699105
000200442799105
000200443399105
000200443299105
000200442999105
000200443699105
000200443799105
000200443899105
000200443999105
000200444099105
000200444199105
000200444599105
000200444699105
000200444899105
000200444999105
000200445099105
000200445199105
000200445325115
000200445599105
000200445899105
000200445906115
000200446006115
000200446399105
000200446199105
000200446599105
000200446999105
000200447099105
000200447199105
000200447299105
000200447328115
000200447699105
000200447799105
000200447999105
000200448099105
000200448199105
000200446899105
000200446699105
000200448410115
000200448299105
000200448399105
000200448615115
000200448700113
000200448800113
000200448906115
000200449899105
000200449099105
000200449199105
000200449299105
000200449399105
000200449406115
000200449699105
000200449702115
000200449999105
000200446712115
000200446212115
000200442299105
000200446499105
000200440423115
000200445299105
000200445699105
000200440999105
000200445799105
000200441299105
000200441199105
000200449599105
000200444499105
000200444799105
000200448509115
000200447509115
000200445499105
000200441599105
000200441699105
000200440699105
000200443010115
000200442899105
