000200321299105
000200329099105
000200325299105
000200321499105
000200321599105
000200321899105
000200321119115
000200321614115
000200321399105
000200322499105
000200321999105
000200322099105
000200322299105
000200322399105
000200322699105
000200323099105
000200323126115
000200323299105
000200323599105
000200323799105
000200323899105
000200325099105
000200324099105
000200324199105
000200324299105
000200324626115
000200324799105
000200324899105
000200324999105
000200325199105
000200323699105
000200325499105
000200325599105
000200325699105
000200325799105
000200325802115
000200328499105
000200324406115
000200327499105
000200325999105
000200326099105
000200326199105
000200326299105
000200326399105
000200326499105
000200326799105
000200327228115
000200327328115
000200327599105
000200327699105
000200327799105
000200324599105
000200328099105
000200328199105
000200328299105
000200328326115
000200328699105
000200328799105
000200328599105
000200326899105
000200329499105
000200329599105
000200329299105
000200329399105
000200329624115
000200329724115
000200329899105
000200329999105
000200321799105
000200322928115
000200327999105
000200327899105
000200320299105
000200320399105
000200320199105
000200320422115
000200320899105
000200320699105
000200320599105
000200322599105
000200320799105
000200320918115
000200321099105
000200327099105
000200323399105
000200323499105
000200326999105
000200328899105
000200327199105
000200328999105
000200323999105
000200329199105
000200325399105
000200322899105
000200322199105
000200326599105
000200326699105
000200324399105
000200322713115
