000200110099105
000200117699105
000200111199105
000200111499105
000200112599105
000200114299105
000200117425115
000200117817115
000200117904115
000200117799105
000200118699105
000200118799105
000200118899105
000200117599105
000200118099105
000200118199105
000200118399105
000200118499105
000200118599105
000200118924115
000200119499105
000200119603115
000200119899105
000200119999105
000200110399105
000200110499105
000200110699105
000200110799105
000200110899105
000200111099105
000200111299105
000200111306115
000200111599105
000200111699105
000200112099105
000200112199105
000200112299105
000200112399105
000200112499105
000200112699105
000200112706115
000200112999105
000200113099105
000200113199105
000200113399105
000200113599105
000200113699105
000200113703115
000200113899105
000200113999105
000200114099105
000200114199105
000200114799105
000200114999105
000200115099105
000200115199105
000200115299105
000200115499105
000200115599105
000200116099105
000200116299105
000200116399105
000200116411115
000200116599105
000200116699105
000200116899105
000200116999105
000200117099105
000200117199105
000200115699105
000200117299105
000200112899105
000200118299105
000200117317115
000200113299105
000200115899105
000200115799105
000200111718115
000200116799105
000200116123115
000200119799105
000200114806115
000200111999105
000200111899105
000200119399105
000200115999105
000200119299105
000200119199105
000200119507115
000200114499105
000200113409115
000200114513115
000200114399105
000200119099105
000200110512115
