000200124499105
000200123099105
000200121121115
000200122299105
000200126699105
000200120099105
000200122999105
000200120299105
000200120399105
000200120499105
000200120599105
000200120699105
000200120702115
000200120999105
000200121209115
000200121309115
000200121409115
000200121599105
000200122699105
000200121699105
000200121811115
000200121907115
000200122099105
000200122199105
000200120199105
000200122799105
000200122499105
000200123199105
000200123499105
000200123699105
000200123599105
000200123899105
000200123999105
000200125927115
000200124799103
000200124899103
000200124999103
000200125099103
000200123799105
000200124199105
000200124299105
000200124315115
000200124599105
000200125199105
000200125299105
000200125499105
000200125599105
000200125699105
000200125799105
000200125899105
000200126499105
000200124699105
000200126713115
000200127199105
000200127299105
000200127313115
000200127413115
000200127513115
000200127699105
000200128099105
000200128119115
000200128399105
000200128499105
000200128699105
000200128799105
000200128899105
000200128999105
000200129799105
000200129999105
000200129899105
000200126199105
000200121099105
000200126099105
000200123299105
000200123399105
000200128299105
000200122399105
000200124006115
000200122506115
000200125399105
000200126899105
000200126299105
000200128599105
000200127099105
000200126399105
000200122813115
000200121713115
000200129114115
000200129214115
000200129315115
000200120814115
000200129413115
000200127899105
