000200081699105
000200081499105
000200084399105
000200083318115
000200082419115
000200080799105
000200087099105
000200081899105
000200081912115
000200086999105
000200082399105
000200082699105
000200082799105
000200080099105
000200080399105
000200080299105
000200080899105
000200080999105
000200081099105
000200081199105
000200081799105
000200084414115
000200085118115
000200084122115
000200083699105
000200083799105
000200083999105
000200084099105
000200084599105
000200084616115
000200083822115
000200084799105
000200084999105
000200085216115
000200085499105
000200085599105
000200085699105
000200085799105
000200085999105
000200086024115
000200086116115
000200086203115
000200086599105
000200086699105
000200086799105
000200086804115
000200087699105
000200087799105
000200087824115
000200087999105
000200088299105
000200088599105
000200088699105
000200089199105
000200089399105
000200089099105
000200088999105
000200089699105
000200089799105
000200089999105
000200087499105
000200081399105
000200085099105
000200087399105
000200088499105
000200087299105
000200086305115
000200085317115
000200086499105
000200083299105
000200082299105
000200089899105
000200083199105
000200083099105
000200082007115
000200082109115
000200089502115
000200088899105
000200087103115
000200088799105
000200082816115
000200080699105
000200080199105
000200089299105
000200089412115
000200088199105
000200088399105
000200083599105
000200082516115
