000200248799105
000200244713115
000200249499105
000200249399105
000200247999105
000200247822115
000200246399105
000200246299105
000200249819115
000200240714115
000200240406115
000200240399105
000200240299105
000200240199105
000200240503115
000200241499105
000200241599105
000200242199105
000200242299105
000200241999105
000200242009115
000200242425115
000200242325115
000200242699105
000200242720115
000200242820115
000200243499105
000200243599105
000200243699105
000200243799105
000200243999105
000200244099105
000200244299105
000200244399105
000200244499105
000200244599105
000200243899105
000200244999105
000200244199105
000200244699105
000200244899105
000200245099105
000200245106115
000200245299105
000200245899105
000200246099105
000200246199105
000200246599105
000200246899105
000200245399105
000200245499105
000200248099105
000200248199105
000200248299105
000200248399105
000200248499105
000200248599105
000200248604115
000200248899105
000200248999105
000200249199105
000200249999105
000200240999105
000200242503115
000200246405115
000200249006115
000200240899105
000200241699105
000200241799105
000200247799105
000200241199105
000200241099105
000200241299105
000200241399105
000200249599105
000200247199105
000200247207115
000200240699105
000200247499105
000200247611115
000200249299105
000200241899105
000200249799105
000200247399105
000200245999105
000200247508115
000200245799105
000200245599105
000200245699105
000200246699105
000200246799105
000200242999105
000200249699105
000200243099105
000200243212115
000200243199105
