000200109699105
000200108413115
000200108313115
000200108299105
000200107700113
000200107500113
000200100199105
000200100209115
000200105099105
000200100899105
000200100999105
000200101199105
000200101299105
000200101320115
000200101599105
000200101999105
000200102099105
000200102121115
000200102212115
000200102499105
000200102599105
000200102926115
000200103199105
000200103299105
000200100799105
000200103499105
000200103599105
000200103699105
000200103917115
000200104099105
000200100699105
000200104599105
000200104199105
000200104607115
000200104799105
000200104899105
000200104499105
000200104399105
000200105218115
000200105399105
000200105525115
000200105999105
000200106199105
000200106299105
000200106399105
000200106499105
000200106599105
000200106619115
000200107399105
000200107600113
000200107899105
000200107999105
000200108016115
000200108199105
000200108599105
000200108699105
000200108799105
000200108802115
000200109105115
000200109205115
000200109399105
000200109499105
000200109899105
000200109999105
000200101415115
000200105621115
000200105721115
000200103099105
000200100021115
000200107499105
000200109599105
000200102399105
000200104299105
000200102728115
000200109099105
000200108999105
000200107299105
000200100428115
000200103799105
000200105499105
000200100399105
000200105199105
000200107199105
000200106099105
000200103399105
000200101799105
000200101899105
000200103899105
000200102899105
