000200345399105
000200348299105
000200348199105
000200346499105
000200340099105
000200340199105
000200340299105
000200340499105
000200340599105
000200340699105
000200340799105
000200340899105
000200340999105
000200341099105
000200345199105
000200348020115
000200345299105
000200344399105
000200341399105
000200341699105
000200341799105
000200341599105
000200341899105
000200341999105
000200342099105
000200342199105
000200342299105
000200342399105
000200342699105
000200343399105
000200343499105
000200342799105
000200342899105
000200342999105
000200343099105
000200343199105
000200343299105
000200343516115
000200343616115
000200343716115
000200343899105
000200344109115
000200343999105
000200344499105
000200344599105
000200344722115
000200344699105
000200344899105
000200344999105
000200346599105
000200346699105
000200346799105
000200346899105
000200345899105
000200346299105
000200346399105
000200346999105
000200347099105
000200347199105
000200348799105
000200348899105
000200348999105
000200347709115
000200347824115
000200347924115
000200348399105
000200348499105
000200348599105
000200348699105
000200349099105
000200349199105
000200349299105
000200349399105
000200349499105
000200349999105
000200349699105
000200349799105
000200349899105
000200344002115
000200345499105
000200347299105
000200347399105
000200345599105
000200341199105
000200342499105
000200341499105
000200347699105
000200342599105
000200341211115
000200347599105
000200347499105
000200349599105
000200345799105
000200345099105
000200345699105
000200344213115
000200346106115
000200346099105
000200345999105
