000200183899105
000200185899105
000200184099105
000200187599105
000200187099105
000200182217115
000200189799105
000200181299105
000200181499105
000200181599105
000200182199105
000200181699105
000200181912115
000200182012115
000200187799105
000200187899105
000200188099105
000200188199105
000200188299105
000200188399105
000200188499105
000200188599105
000200188699105
000200189206115
000200189499105
000200189599105
000200189699105
000200182399105
000200182599105
000200182799105
000200182899105
000200183399105
000200182416115
000200182999105
000200183099105
000200183199105
000200189899105
000200189999105
000200185499105
000200183499105
000200183599105
000200183699105
000200183799105
000200183910115
000200184203115
000200184399105
000200185017115
000200185299105
000200185399105
000200185599105
000200185799105
000200186099105
000200186199105
000200186299105
000200186399105
000200186499105
000200186599105
000200186799105
000200187127115
000200187227115
000200187327115
000200187499105
000200180099105
000200180199105
000200180399105
000200180499105
000200180509115
000200180699105
000200180799105
000200180824115
000200180907115
000200181007115
000200189306115
000200188799105
000200185199105
000200186899105
000200186999105
000200189199105
000200187612115
000200188923115
000200182699105
000200184504115
000200185999105
000200184999105
000200188899105
000200184799105
000200184899105
000200184607115
000200181799105
000200181199105
000200187999105
000200180215115
000200184499105
000200186699105
000200183299105
000200185699105
