000200435699105
000200432199105
000200430199105
000200430222115
000200432999105
000200430399105
000200430499105
000200431099105
000200430899105
000200430999105
000200431199105
000200431299105
000200431399105
000200431599105
000200431699105
000200431899105
000200431999105
000200432099105
000200432399105
000200432499105
000200432509115
000200432699105
000200432799105
000200432899105
000200433199105
000200433299105
000200433499105
000200433599105
000200433799105
000200433899105
000200433999105
000200434199105
000200434299105
000200434499105
000200434599105
000200434799105
000200434899105
000200435199105
000200435599105
000200435799105
000200435825115
000200436199105
000200436299105
000200436399105
000200436499105
000200436599105
000200436699105
000200436799105
000200436899105
000200437099105
000200437199105
000200437299105
000200437514115
000200437614115
000200437799105
000200437999105
000200438099105
000200438499105
000200439099105
000200439199105
000200438199105
000200438299105
000200438399105
000200438699105
000200438799105
000200438899105
000200438999105
000200439399105
000200439299105
000200439499105
000200439599105
000200439699105
000200439799105
000200439899105
000200439999105
000200437499105
000200436999105
000200436099105
000200434099105
000200434699105
000200430699105
000200432299105
000200430599105
000200434999105
000200435204115
000200433302115
000200435099105
000200437899105
000200435499105
000200435399105
000200433699105
000200431499105
000200437399105
000200434399105
000200435999105
000200438599105
