000200427699105
000200427599105
000200428115115
000200425622115
000200422599105
000200422499105
000200421199105
000200421299105
000200421399105
000200421499105
000200421599105
000200421699105
000200421899105
000200421999105
000200422099105
000200422199105
000200422299105
000200422399105
000200422699105
000200422899105
000200422999105
000200423099105
000200423222115
000200423322115
000200423899105
000200424099105
000200424799105
000200425199105
000200425299105
000200425899105
000200425999105
000200426099105
000200426199105
000200426499105
000200426599105
000200426799105
000200426899105
000200426999105
000200427299105
000200427399105
000200423599105
000200427899105
000200427999105
000200428499105
000200428599105
000200428699105
000200428799105
000200428999105
000200429099105
000200425799105
000200429117115
000200429399105
000200429499105
000200429599105
000200429699105
000200429799105
000200429899105
000200424199105
000200424299105
000200424399105
000200424499105
000200428099105
000200423999105
000200422799105
000200423699105
000200423499105
000200427099105
000200421799105
000200427199105
000200424925115
000200424899105
000200425099105
000200423799105
000200428399105
000200427403115
000200428299105
000200428899105
000200425313115
000200429912115
000200426213115
000200427799105
000200429299105
