000200092699105
000200097699105
000200097799105
000200097899105
000200091205115
000200095499105
000200098099105
000200098299105
000200098499105
000200098599105
000200098699105
000200098799105
000200098899105
000200099399105
000200090021115
000200090110115
000200090299105
000200090399105
000200091199105
000200090499105
000200091399105
000200091499105
000200091599105
000200090599105
000200090699105
000200090799105
000200090899105
000200099499105
000200091899105
000200091999105
000200092099105
000200092199105
000200092527115
000200092310115
000200091799105
000200092420115
000200092999105
000200093099105
000200093199105
000200093299105
000200093499105
000200093599105
000200094199105
000200094299105
000200094318115
000200094419115
000200095724115
000200095824115
000200095999105
000200094799105
000200094899105
000200094999105
000200095099105
000200095199105
000200095399105
000200096099105
000200096199105
000200096299105
000200096399105
000200096499105
000200096599105
000200096699105
000200096799105
000200096899105
000200096999105
000200097099105
000200097399105
000200097499105
000200097599105
000200099009115
000200099599105
000200099699105
000200099799105
000200099299105
000200097199105
000200094599105
000200094699105
000200099199105
000200092299105
000200095299105
000200098199105
000200093703115
000200099921115
000200093807115
000200091099105
000200097999105
000200093999105
000200092899105
000200095699105
000200097215115
000200090999105
000200099899105
000200094013115
000200092799105
000200098399105
