000200388999105
000200389499105
000200389699105
000200389517115
000200381399105
000200381599105
000200381799105
000200381899105
000200381999105
000200382002115
000200382299105
000200382399105
000200382499105
000200382699105
000200382799105
000200382899105
000200382999105
000200383015115
000200383115115
000200383215115
000200383499105
000200383699105
000200383799105
000200383899105
000200383920115
000200384099105
000200384199105
000200384299105
000200384499105
000200384899105
000200385017115
000200385199105
000200385299105
000200385399105
000200385699105
000200385799105
000200386299105
000200386399105
000200386499105
000200386599105
000200386699105
000200386799105
000200387199105
000200387399105
000200386899105
000200386999105
000200387099105
000200387799105
000200387899105
000200387999105
000200388099105
000200388299105
000200388399105
000200388499105
000200388599105
000200388822115
000200389099105
000200389199105
000200389299105
000200389399105
000200388699105
000200388799105
000200389999105
000200387699105
000200389899105
000200384599105
000200387599105
000200387299105
000200384399105
000200387499105
000200389721115
000200383399105
000200384699105
000200384799105
000200380599105
000200380699105
000200380028115
000200380128115
000200380299105
000200380399105
000200380499105
000200380899105
000200385499105
000200385599105
000200382199105
000200385899105
000200381699105
000200381199105
000200386010115
000200386110115
000200381210115
000200385905115
000200383599105
000200381099105
000200380999105
000200381499105
