000200042899105
000200045199105
000200041799105
000200048905115
000200040417115
000200040522115
000200040699105
000200040799105
000200040899105
000200040999105
000200041207115
000200041399105
000200040299105
000200040399105
000200041820115
000200041999105
000200042199105
000200042299105
000200042399105
000200042599105
000200042699105
000200042712115
000200043299105
000200043311115
000200043415115
000200043506115
000200043699105
000200043899105
000200044006115
000200044199105
000200044299105
000200044399105
000200044499105
000200044504115
000200044604115
000200044704115
000200044804115
000200045099105
000200045299105
000200045399105
000200045499105
000200045599105
000200045699105
000200045799105
000200045999105
000200046099105
000200046199105
000200046299105
000200046311115
000200046499105
000200046799105
000200046899105
000200047199105
000200047899105
000200048199105
000200048202115
000200048399105
000200048513115
000200048699105
000200048799105
000200048899105
000200049720115
000200049899105
000200049602115
000200049999105
000200041699105
000200040099105
000200047999105
000200049399105
000200043023115
000200043123115
000200041599105
000200041499105
000200042999105
000200046602115
000200043799105
000200040108115
000200047099105
000200046999105
000200041199105
000200046599105
000200047399105
000200047503115
000200047699105
000200048099105
000200047499105
000200047799105
000200045899105
000200047299105
