000200176999105
000200171399105
000200171299105
000200171199105
000200171499105
000200171599105
000200171799105
000200171899105
000200171902115
000200172099105
000200172299105
000200172399105
000200172499105
000200177799105
000200172599105
000200172699105
000200172899105
000200172999105
000200173099105
000200174199105
000200170199105
000200170299105
000200170599105
000200170699105
000200170709115
000200170899105
000200170999105
000200171099105
000200173599105
000200173799105
000200173899105
000200174299105
000200173999105
000200174099105
000200174399105
000200174499105
000200174599105
000200174703115
000200174999105
000200175099105
000200175199105
000200175299105
000200175399105
000200175499105
000200175599105
000200175699105
000200175799105
000200175899105
000200175999105
000200176110115
000200176299105
000200176399105
000200176499105
000200176599105
000200176699105
000200176799105
000200176827115
000200177099105
000200177199105
000200177216115
000200177416115
000200177399105
000200177599105
000200177699105
000200177899105
000200177999105
000200178099105
000200178199105
000200178499105
000200178599105
000200178699105
000200178899105
000200179299105
000200179319115
000200179499105
000200179599105
000200179699105
000200179799105
000200179899105
000200179999105
000200171699105
000200176099105
000200178799105
000200173299105
000200173499105
000200172799105
000200178399105
000200178299105
000200170006115
000200174603115
000200174805115
000200173199105
000200170399105
000200170499105
000200173699105
000200179099105
000200178999105
000200172199105
000200173399105
