000200332020115
000200331299105
000200331399105
000200331499105
000200331599105
000200331699105
000200331799105
000200331999105
000200332127115
000200332227115
000200332699105
000200332418115
000200332799105
000200332599105
000200332999105
000200333099105
000200333199105
000200333299105
000200333399105
000200333699105
000200333799105
000200333899105
000200334299105
000200334399105
000200334499105
000200334599105
000200334699105
000200334799105
000200334899105
000200335099105
000200335399105
000200335699105
000200335799105
000200335899105
000200335999105
000200336099105
000200336199105
000200336299105
000200336499105
000200336599105
000200336699105
000200336999105
000200337099105
000200337109115
000200337209115
000200337309115
000200337499105
000200337799105
000200337899105
000200337999105
000200338099105
000200338199105
000200338299105
000200338399105
000200338499105
000200338519115
000200338699105
000200338799105
000200338899105
000200338999105
000200339099105
000200339199105
000200339299105
000200339399105
000200339422115
000200339522115
000200339699105
000200339714115
000200339899105
000200339999105
000200332399105
000200332819115
000200330699105
000200330799105
000200330899105
000200330099105
000200330199105
000200330299105
000200330399105
000200330599105
000200330999105
000200331099105
000200335125115
000200334999105
000200333925115
000200335599105
000200330499105
000200331199105
000200334199105
000200334099105
000200333510115
000200335499105
000200337599105
000200337699105
000200335299105
000200333499105
