000200021799105
000200021816115
000200029099105
000200029199105
000200029299105
000200029399105
000200029499105
000200029599105
000200029999105
000200020199105
000200020299105
000200020399105
000200020499105
000200020899105
000200020999105
000200022799105
000200022299105
000200020599105
000200020699105
000200021299105
000200021399105
000200021499105
000200021599105
000200021699105
000200021999105
000200022399105
000200022499105
000200022699105
000200022821115
000200022999105
000200023021115
000200023199105
000200023299105
000200023399105
000200023599105
000200023699105
000200023799105
000200023899105
000200024099105
000200024499105
000200024599105
000200024625115
000200024725115
000200024925115
000200025099105
000200025799105
000200026299105
000200026399105
000200029709115
000200029802115
000200024899105
000200025399105
000200024199105
000200025499105
000200025899105
000200025999105
000200026499105
000200027099105
000200027199105
000200027299105
000200027610115
000200027799105
000200027806115
000200027999105
000200028099105
000200028199105
000200027399105
000200028499105
000200028599105
000200028699105
000200028799105
000200028899105
000200028907115
000200029699105
000200020727115
000200022599105
000200025299105
000200026522115
000200026622115
000200023499105
000200026799105
000200026827115
000200025103115
000200020099105
000200027409115
000200026008115
000200026108115
000200023909115
000200021199105
000200027599105
000200028399105
000200028299105
000200026912115
000200025699105
