000200469099105
000200467699105
000200469199105
000200468999105
000200468799105
000200468699105
000200468499105
000200467999105
000200469299105
000200469399105
000200469499105
000200468599105
000200468899105
000200469918115
000200469618115
000200469819115
000200469599105
000200466499105
000200469799105
000200467299105
000200461107115
000200461207115
000200461307115
000200463502115
000200463803115
000200463703115
000200463303115
000200463203115
000200464004115
000200464104115
000200463604115
000200463904115
000200464304115
000200464204115
000200463005115
000200462905115
000200463406115
000200462505115
000200462206115
000200462306115
000200462806115
000200462406115
000200462102115
000200462602115
000200462099105
000200461899105
000200461999105
000200462799105
000200463199105
000200461799105
000200461699105
000200461599105
000200461499105
000200466306115
000200464999105
000200465799105
000200466099105
000200466199105
000200465999105
000200464499105
000200465899105
000200465699105
000200465399105
000200465505115
000200464799105
000200464899105
000200465499105
000200465099105
000200465199105
000200465210115
000200466299105
000200464599105
000200464699105
000200467316115
000200467416115
000200466912115
000200467113115
000200466615115
000200466515115
000200466799105
000200466899105
000200467009115
000200467899105
000200467716115
000200467516115
000200468099105
000200468199105
000200468299105
000200468399105
