000200310199105
000200310099105
000200310299105
000200310399105
000200310499105
000200311499105
000200311699105
000200311122115
000200311227115
000200311528115
000200311799105
000200311999105
000200311899105
000200311319115
000200312025115
000200311099105
000200310999105
000200312199105
000200312299105
000200312318115
000200312699105
000200312799105
000200312499105
000200312599105
000200312899105
000200312999105
000200313099105
000200313299105
000200313199105
000200313399105
000200313499105
000200313599105
000200316399105
000200313799105
000200314199105
000200313899105
000200313999105
000200314099105
000200314299105
000200310799105
000200310515115
000200310699105
000200310899105
