000200065799105
000200067499105
000200068499105
000200060017115
000200065999105
000200066099105
000200066699105
000200060117115
000200060399105
000200060527115
000200060499105
000200060825115
000200060919115
000200061019115
000200061199105
000200061299105
000200061399105
000200061499105
000200061702115
000200062199105
000200062299105
000200062399105
000200062499105
000200063099105
000200062617115
000200062799105
000200062899105
000200063105115
000200063299105
000200063699105
000200063713115
000200063999105
000200064099105
000200064199105
000200064299105
000200064399105
000200064499105
000200064799105
000200064899105
000200064926115
000200065015115
000200065299105
000200065399105
000200065499105
000200065512115
000200065899105
000200065699105
000200066199105
000200066299105
000200066799105
000200066899105
000200066999105
000200067117115
000200067212115
000200067599105
000200067699105
000200067999105
000200068099105
000200068599105
000200068699105
000200068799105
000200068926115
000200069026115
000200069126115
000200069299105
000200069499105
000200068810115
000200069899105
000200069306115
000200062999105
000200066309115
000200063499105
000200069999105
000200061599105
000200063599105
000200064699105
000200067899105
000200069599105
000200069699105
000200061604115
000200062003115
000200060799105
000200060699105
000200061899105
000200062599105
000200061999105
000200067799105
000200066415115
000200067306115
000200068199105
000200064599105
