000200289699105
000200288499105
000200288599105
000200281199105
000200281299105
000200281399105
000200281412115
000200281599105
000200281699105
000200281799105
000200282199105
000200282699105
000200284099105
000200284199105
000200282899105
000200282999105
000200283099105
000200283199105
000200283299105
000200283399105
000200283699105
000200283799105
000200283999105
000200284299105
000200284399105
000200283499105
000200283599105
000200284499105
000200284599105
000200284699105
000200284799105
000200284899105
000200284999105
000200285099105
000200285599105
000200285899105
000200285699105
000200285999105
000200285799105
000200286099105
000200286199105
000200286299105
000200286399105
000200286599105
000200286699105
000200286899105
000200287199105
000200287499105
000200287699105
000200285399105
000200285499105
000200287899105
000200288299105
000200288399105
000200288699105
000200288899105
000200288999105
000200289099105
000200289127115
000200289227115
000200289399105
000200289499105
000200289899105
000200289999105
000200287799105
000200282599105
000200287999105
000200283827115
000200282399105
000200287099105
000200282799105
000200280199105
000200280299105
000200288099105
000200280499105
000200280599105
000200280799105
000200280899105
000200288199105
000200281099105
000200287599105
000200280028115
000200282218115
000200286999105
000200287299105
000200289503115
000200289705115
000200286799105
000200287399105
000200288708115
000200280602115
000200280399105
000200280999105
