000200473920115
000200470499105
000200470518115
000200470299105
000200470199105
000200478999105
000200470318115
000200470099105
000200474799105
000200478799105
000200470699105
000200470799105
000200471099105
000200470899105
000200475799105
000200471228115
000200471328115
000200471428115
000200471599105
000200471199105
000200471699105
000200471799105
000200472603115
000200472799105
000200472499105
000200471999105
000200472099105
000200472199105
000200472399105
000200472599105
000200472899105
000200472299105
000200472999105
000200473099105
000200473213115
000200473199105
000200473499105
000200473599105
000200473399105
000200473614115
000200474099105
000200474199105
000200473899105
000200474399105
000200474410115
000200474509115
000200474200113
000200474609115
000200474923115
000200475021115
000200475199105
000200475299105
000200475326115
000200475426115
000200475599105
000200476199105
000200475699105
000200475899105
000200475999105
000200476022115
000200476899105
000200476399105
000200476499105
000200476599105
000200476699105
000200476799105
000200477099105
000200476999105
000200477899105
000200477999105
000200478199105
000200477199105
000200477299105
000200477399105
000200477499105
000200478099105
000200478399105
000200478499105
000200478599105
000200478699105
000200478899105
000200479099105
000200479199105
000200479200113
000200479399103
000200479499103
000200479599103
000200479699105
000200479799105
000200470999105
000200476299105
000200474809115
000200473710115
000200471804115
000200477799105
000200477599105
000200477699105
000200478299105
