000200302199105
000200307199105
000200301499105
000200301599105
000200301910115
000200302099105
000200302699105
000200302399105
000200302499105
000200302599105
000200302999105
000200303499105
000200303799105
000200303899105
000200303999105
000200304099105
000200304499105
000200304599105
000200304699105
000200304799105
000200304899105
000200304999105
000200305099105
000200305199105
000200305299105
000200305399105
000200305400113
000200305500113
000200305600113
000200305700113
000200305800113
000200306099105
000200306199105
000200306299105
000200306399105
000200306499105
000200306599105
000200306699105
000200306799105
000200306899105
000200306999105
000200307299105
000200307427115
000200307527115
000200307699105
000200307799105
000200307999105
000200308099105
000200308999105
000200309099105
000200309199105
000200309299105
000200309799105
000200309899105
000200309999105
000200307899105
000200308199105
000200304199105
000200309399105
000200307399105
000200303099105
000200303606115
000200302818115
000200301199105
000200301399105
000200300499105
000200304399105
000200305999105
000200309599105
000200303525115
000200304299105
000200300021115
000200300199105
000200300299105
000200300399105
000200300999105
000200301099105
000200300899105
000200302799105
000200302299105
000200309499105
000200300799105
000200300699105
000200308707115
000200308809115
000200308310115
000200308299105
000200308499105
000200301899105
000200301799105
000200301699105
000200309699105
000200308599105
000200308699105
000200307016115
